function s = elist

s = [
% Kronecker graphs (synthetic)
 81 %     Theory-3-4-5-9-16-B2k &   0.02 &    0.22  
 82 %     Theory-3-4-5-9-16-B1k &   0.02 &    0.22  
 87 %         Theory-256-625-Bk &   0.16 &    0.32  
 88 %        Theory-256-625-B1k &   0.16 &    0.32  
 89 %        Theory-256-625-B2k &   0.16 &    0.32  
 97 %     Theory-4-5-9-16-25-Bk &   0.13 &    1.15  
100 %    Theory-4-5-9-16-25-B1k &   0.13 &    1.58  
101 %    Theory-4-5-9-16-25-B2k &   0.13 &    1.58  
102 %       Theory-25-81-256-Bk &   0.55 &    2.07  
103 %      Theory-25-81-256-B1k &   0.55 &    2.13  
104 %      Theory-25-81-256-B2k &   0.55 &    2.13  
106 %      Theory-9-16-25-81-Bk &   0.36 &    2.33  
107 %     Theory-9-16-25-81-B1k &   0.36 &    2.61  
108 %     Theory-9-16-25-81-B2k &   0.36 &    2.61  
117 %   Theory-3-4-5-9-16-25-Bk &   0.53 &    6.91  
118 %  Theory-3-4-5-9-16-25-B1k &   0.53 &   11.08  
119 %  Theory-3-4-5-9-16-25-B2k &   0.53 &   11.08  
122 %    Theory-5-9-16-25-81-Bk &   2.17 &   23.33  
124 %   Theory-5-9-16-25-81-B2k &   2.17 &   28.67  
125 %   Theory-5-9-16-25-81-B1k &   2.17 &   28.67  
% SNAP (real)
 86 %      loc-brightkite_edges &   0.06 &    0.21  
 90 %                 cit-HepTh &   0.03 &    0.35  
 91 %             soc-Epinions1 &   0.08 &    0.41  
 92 %               email-EuAll &   0.27 &    0.36  
 93 %                 cit-HepPh &   0.03 &    0.42  
 94 %          soc-Slashdot0811 &   0.08 &    0.47  
 95 %          soc-Slashdot0902 &   0.08 &    0.50  
 98 %         loc-gowalla_edges &   0.20 &    0.95  
 99 %                amazon0302 &   0.26 &    0.90  
105 %                roadNet-PA &   1.09 &    1.54  
109 %                roadNet-TX &   1.38 &    1.92  
111 %               flickrEdges &   0.11 &    2.32  
112 %                amazon0312 &   0.40 &    2.35  
113 %                amazon0505 &   0.41 &    2.44  
114 %                amazon0601 &   0.40 &    2.44  
115 %                roadNet-CA &   1.97 &    2.77  
126 %               cit-Patents &   3.77 &   16.52  
140 %                friendster & 119.43 & 1800.00  
% GenBank
130 %                       V2a &  55.04 &   58.61  
131 %                       U1a &  67.72 &   69.39  
134 %                       P1a & 139.35 &  148.91  
135 %                       A2a & 170.73 &  180.29  
136 %                       V1r & 214.01 &  232.71  
% image-grid
 84 %            g-260610-65536 &   0.07 &    0.26  
 96 %          g-1045506-262144 &   0.26 &    1.05  
110 %         g-4188162-1048576 &   1.05 &    4.19  
121 %        g-16764930-4194304 &   4.19 &   16.76  
128 %       g-67084290-16777216 &  16.78 &   67.08  
133 %      g-268386306-67108864 &  67.11 &  268.39  
138 %    g-1073643522-268435456 & 268.44 & 1073.64  
% synetheitc
116 %     graph500-scale18-ef16 &   0.17 &    3.80  
120 %     graph500-scale19-ef16 &   0.34 &    7.73  
123 %     graph500-scale20-ef16 &   0.65 &   15.68  
127 %     graph500-scale21-ef16 &   1.24 &   31.73  
129 %     graph500-scale22-ef16 &   2.39 &   64.10  
132 %     graph500-scale23-ef16 &   4.61 &  129.25  
137 %     graph500-scale24-ef16 &   8.86 &  260.26  
139 %     graph500-scale25-ef16 &  17.04 &  523.47  
% MAWI traffic
141 %         mawi_201512012345 &  18.57 &   19.02  
142 %         mawi_201512020000 &  35.99 &   37.24  
143 %         mawi_201512020030 &  68.86 &   71.71  
144 %         mawi_201512020130 & 128.57 &  135.12  
145 %         mawi_201512020330 & 226.20 &  240.02  
] ;
